18 11
25 26
7 13
6 10
24 7
13 73
13 34
21 136
6 7
26 36
13 46
25 150
32 222
41 410
16 7
12 26
34 507
8 13
18 139
41 549
44 23
40 517
11 10
43 59
7 21
28 307
38 456
19 112
4 3
50 370
7 16
4 4
50 961
31 390
24 268
4 2
23 208
23 108
5 5
49 528
36 354
29 143
24 274
43 387
7 18
48 465
5 9
4 2
10 42
17 37
4 2
49 383
15 26
11 8
39 423
30 109
31 331
47 594
6 4
34 407
31 436
24 104
32 353
38 6
8 5
23 229
25 271
38 334
45 96
8 21
3 2
7 13
43 631
40 617
43 73
8 23
3 1
9 24
7 13
24 142
2 1
23 36
19 96
16 101
7 5
44 670
6 8
43 625
2 1
46 762
4 5
15 101
34 322
38 327
19 82
2 1
9 27
44 448
34 337
37 2
31 371
48 721
29 59
36 70
21 81
22 172
34 531
28 63
11 16
4 1
29 13
49 178
28 354
14 79
50 448
50 156
31 175
18 35
36 511
40 197
32 266
31 205
49 297
30 309
25 231
40 263
37 634
41 342
28 298
24 250
3 3
9 3
18 124
41 244
27 65
11 28
41 141
23 149
50 952
48 436
36 565
28 266
23 52
34 79
19 134
26 319
28 320
2 1
10 21
50 1161
20 90
44 722
51 116
49 497
21 116
25 154
33 254
26 28
19 5
51 662
15 87
8 8
11 37
36 551
48 109
7 21
47 116
27 144
19 153
49 337
21 1
43 765
22 31
4 2
24 173
27 71
32 72
28 152
39 20
13 19
51 543
6 1
19 60
46 627
8 16
25 277
13 47
28 200
32 234
26 230
37 576
43 903
34 356
12 7
36 473
10 10
43 110
33 71
48 968
48 482
18 137
31 275
38 589
17 71
40 650
26 176
41 808
44 390
38 221
47 97
29 74
7 12
22 102
32 257
15 89
21 142
2 1
14 61
10 43
8 11
19 102
26 109
51 619
33 390
25 130
10 36
36 596
24 215
5 3
25 217
35 233
51 609
45 383
23 187
41 390
51 59
13 38
20 11
44 93
49 608
33 507
20 36
23 23
24 122
47 14
45 719
39 465
15 93
9 23
35 529
15 94
11 17
8 24
38 345
31 284
18 66
43 876
28 210
28 313
42 178
47 528
51 660
30 318
19 52
50 628
38 306
39 15
41 337
26 28
48 159
15 103
16 25
50 268
21 126
44 766
48 388
45 429
26 224
14 11
13 32
47 604
28 20
48 761
31 376
47 99
26 86
42 84
17 85
37 125
17 39
46 498
21 190
14 22
16 65
40 526
39 669
28 3
21 103
34 99
45 200
29 346
42 574
12 32
12 65
45 346
28 254
41 606
30 102
43 895
30 325
22 81
15 73
33 299
23 150
36 135
47 1025
36 26
35 205
46 379
44 658
21 19
29 259
16 68
14 18
4 3
38 120
9 33
26 15
38 645
6 9
14 58
39 362
38 44
44 397
18 60
22 80
7 8
49 232
8 14
30 222
5 8
38 64
21 203
4 2
9 3
34 74
12 66
21 149
44 817
33 91
3 2
49 1117
4 3
32 229
10 41
25 112
29 406
26 274
25 229
10 39
41 21
6 15
14 84
51 580
40 23
16 50
37 202
49 204
9 2
4 2
40 306
31 103
39 637
18 112
38 514
47 25
18 38
28 195
28 170
34 310
10 14
7 13
13 49
37 232
34 20
38 642
16 118
41 314
25 208
20 40
33 486
38 11
19 77
30 1
39 153
13 70
13 27
45 494
23 233
46 731
21 3
29 382
2 1
43 366
26 135
38 637
26 298
9 13
36 277
41 634
51 279
23 242
23 249
37 567
50 357
51 745
16 117
8 5
45 678
45 810
10 5
28 162
3 1
33 204
24 229
12 50
25 84
35 343
3 2
43 641
2 1
20 127
19 20
36 453
26 28
33 366
8 15
22 61
46 272
48 31
25 60
41 520
46 888
48 885
45 920
49 485
32 439
14 86
45 888
16 20
28 141
6 4
8 1
46 833
31 249
22 63
6 5
8 19
33 135
46 133
45 453
25 225
12 32
28 298
36 121
28 350
40 404
48 207
13 31
50 392
37 327
50 640
29 269
40 732
10 15
40 332
30 157
29 355
50 129
47 733
48 995
48 107
9 3
35 474
36 182
13 35
4 2
11 35
17 14
44 920
36 513
29 355
47 123
5 5
12 61
33 311
26 228
46 682
23 229
2 1
13 64
29 88
25 140
46 351
40 100
16 25
23 195
39 577
49 987
15 33
44 297
19 149
25 263
2 1
43 515
5 3
18 27
17 62
24 105
33 341
3 2
39 471
42 554
45 349
20 47
49 259
4 6
31 328
31 111
25 121
36 18
25 1
12 9
45 345
6 6
48 950
24 120
32 34
11 36
5 8
34 42
42 492
19 46
16 97
3 2
19 54
18 132
40 219
36 263
14 67
9 24
48 254
46 19
48 1121
6 7
35 314
4 6
26 322
47 962
20 187
32 24
34 522
31 414
31 231
7 8
6 5
4 2
49 270
33 327
7 20
49 579
27 54
16 53
25 110
44 138
7 3
32 27
27 130
15 70
28 149
49 492
36 453
38 307
3 3
31 147
9 30
48 595
30 216
36 112
21 168
46 271
5 5
19 141
37 523
36 455
4 5
49 161
38 69
25 90
6 9
47 34
34 377
46 431
6 14
16 6
9 17
4 6
37 276
45 43
3 1
38 517
16 66
47 955
22 223
41 336
24 163
40 95
31 203
18 148
15 23
13 1
45 154
39 610
35 177
6 7
13 68
46 841
30 340
27 273
10 17
30 118
4 3
38 647
3 1
21 167
41 461
42 226
45 109
18 149
13 46
17 9
18 100
51 720
50 277
49 728
44 488
41 317
48 887
31 240
37 365
19 126
30 328
13 17
39 410
2 1
2 1
24 59
28 292
15 58
51 1211
38 593
42 116
43 694
9 12
37 387
23 10
23 175
13 13
28 4
13 71
51 1263
48 629
32 337
49 796
3 1
8 18
46 242
17 65
34 172
11 15
19 89
25 89
36 475
24 139
35 39
43 594
49 636
11 44
13 29
23 252
7 19
4 3
27 268
40 358
42 849
30 55
35 37
49 1007
38 208
34 10
4 2
8 17
14 9
32 319
24 92
43 241
33 442
33 327
15 87
18 11
22 68
16 55
50 937
26 287
34 312
9 9
36 287
40 247
33 285
26 256
26 93
39 489
15 104
15 32
44 258
35 15
30 83
20 129
12 59
16 105
5 2
32 188
39 166
37 278
43 90
30 41
31 291
24 123
38 74
22 11
21 86
44 728
4 6
29 295
11 32
12 55
17 6
3 1
14 50
27 169
5 5
23 143
23 194
29 200
33 70
37 196
7 2
2 1
47 896
28 189
23 51
21 117
31 308
45 324
13 51
51 1167
26 96
51 624
17 85
7 4
31 169
50 587
25 201
50 594
30 152
26 253
16 114
40 575
18 152
39 631
4 5
48 73
12 52
28 3
29 205
27 263
29 250
49 719
27 101
24 237
25 247
10 33
44 435
35 44
34 108
41 495
13 50
16 13
38 110
2 1
27 193
26 80
2 1
8 2
20 121
35 407
28 132
30 59
44 447
30 420
37 187
12 29
9 23
24 161
19 54
11 15
49 334
50 675
8 23
29 281
38 331
17 26
10 17
37 21
12 11
28 332
38 658
49 378
14 90
41 341
44 382
28 43
36 398
45 42
37 155
19 82
37 96
41 216
33 365
47 254
42 87
44 671
11 50
24 64
13 22
5 5
16 81
50 325
11 27
44 409
16 50
20 12
46 1020
48 362
36 334
24 11
18 108
9 18
8 2
50 268
46 968
25 210
36 204
12 64
17 113
41 242
13 27
36 169
19 46
37 16
29 255
34 506
26 140
22 214
22 116
4 3
24 78
27 350
3 2
3 3
41 14
3 2
5 6
13 57
21 97
30 149
8 21
43 553
3 1
17 36
33 46
43 889
47 670
14 20
6 12
18 34
11 18
49 1165
6 14
38 314
8 7
23 70
28 249
50 1005
29 16
6 9
35 157
16 81
17 72
28 160
47 269
17 133
13 67
24 244
26 234
42 502
27 305
50 879
29 51
37 623
13 60
16 37
41 242
28 129
12 5
30 228
50 846
17 30
12 44
26 187
49 1131
21 83
29 388
30 345
19 122
12 42
8 14
31 107
10 37
4 1
12 57
29 270
28 45
22 40
33 476
26 154
13 63
5 2
17 62
49 4
50 559
20 115
37 448
4 6
5 6
17 25
39 275
29 198
38 701
5 8
48 511
49 297
28 301
3 1
35 349
30 392
10 44
38 610
48 527
44 324
47 238
21 206
3 1
2 1
48 1099
10 43
36 527
6 11
8 16
5 3
8 25
25 67
34 183
16 71
4 3
34 447
16 14
36 458
2 1
9 31
43 843
44 40
23 208
39 676
4 1
24 237
28 56
29 302
11 54
43 28
51 126
12 20
33 314
35 222
34 400
33 266
9 10
2 1
22 11
13 24
31 391
39 600
34 280
21 152
11 18
4 4
42 546
26 197
14 9
6 7
51 836
21 168
10 17
40 702
10 40
10 30
38 341
49 307
14 14
12 10
33 341
34 57
31 440
46 1019
18 21
41 457
37 511
27 159
33 32
30 62
16 77
33 403
36 489
20 69
49 811
23 179
47 476
5 7
17 46
22 226
51 310
51 785
24 53
33 64
41 21
49 810
50 1154
7 11
10 2
34 473
10 15
39 365
14 76
34 335
41 235
12 19
17 47
26 63
40 399
45 741
22 177
37 425
22 45
5 9
23 111
38 635
43 108
37 290
18 40
34 556
23 6
48 371
9 3
28 14
32 382
27 249
11 29
23 126
8 25
11 48
13 46
10 6
23 192
12 12
14 69
46 639
40 703
24 192
17 69
42 293
21 69
50 254
35 590
11 52
45 211
22 200
20 139
13 58
24 135
30 190
17 27
22 34
19 128
2 1
46 458
31 424
14 3
45 746
48 735
38 308
26 232
50 193
39 477
35 375
35 502
47 925
38 497
7 20
13 78
39 130
50 367
22 18
46 609
8 21
19 103
36 375
5 3
38 334
45 503
3 3
35 482
31 252
18 110
28 222
44 162
39 671
36 78
5 1
25 62
24 165
7 17
38 493
42 376
2 1
49 38
19 117
2 1
8 15
37 431
47 590
2 1
22 134
44 802
16 36
36 309
9 3
49 437
4 4
23 206
29 317
6 5
2 1
45 287
24 223
43 312
12 62
6 2
31 164
8 2
15 14
35 79
37 143
21 78
22 66
44 786
12 32
46 106
7 20
21 1
21 83
2 1
9 11
15 37
7 15
33 311
14 86
45 50
49 1173
39 732
6 15
20 165
30 245
27 329
5 7
18 147
12 47
9 24
26 21
7 13
43 760
4 5
6 8
7 5
12 53
24 85
28 144
31 377
9 21
44 74
6 4
42 303
30 368
35 281
21 129
38 241
28 121
20 41
40 315
36 11
22 59
18 17
5 8
7 15
5 10
28 348
12 15
27 128
17 79
45 105
50 208
48 1127
26 166
9 19
43 489
16 84
5 2
14 59
30 195
22 224
22 188
45 771
16 32
23 42
31 197
17 3
2 1
6 11
28 204
41 730
8 25
35 481
39 627
19 29
18 77
3 3
37 572
21 122
20 143
32 118
12 18
31 257
10 30
40 178
51 978
8 15
35 167
20 51
42 121
40 537
28 244
49 860
40 49
16 89
12 49
10 23
45 610
35 104
25 72
42 385
3 3
35 135
44 754
7 7
44 820
43 249
38 533
35 288
8 28
37 451
49 540
43 425
37 149
45 31
50 1112
37 166
37 51
37 436
23 134
14 2
41 755
35 177
44 299
5 10
21 161
19 160
40 91
8 6
37 443
37 60
40 152
40 746
43 193
6 11
20 18
32 282
23 26
37 256
38 581
16 107
33 411
24 36
46 452
46 297
35 147
20 64
4 1
2 1
36 375
15 35
23 219
15 95
11 7
12 49
43 202
4 1
14 65
47 154
9 26
44 733
25 264
19 114
23 188
25 256
24 35
11 41
34 431
44 358
26 103
41 258
32 266
44 492
24 10
6 2
33 193
26 155
13 14
33 336
13 34
40 316
47 750
32 44
27 262
23 133
30 123
20 70
10 28
8 21
4 3
13 70
10 3
41 573
33 71
7 4
31 126
31 48
49 396
8 3
38 654
25 15
44 289
25 53
8 14
34 549
43 238
45 173
35 543
26 15
7 5
10 12
30 148
15 62
50 1221
2 1
51 1202
51 369
22 194
47 153
8 26
37 518
27 106
3 1
15 83
26 219
12 27
6 7
25 119
21 164
42 404
12 42
47 33
39 35
37 295
46 407
14 25
45 290
13 13
51 1050
26 201
44 257
11 48
29 149
19 121
9 8
18 2
2 1
30 313
33 485
24 258
11 42
8 7
27 12
49 895
44 58
51 1062
11 51
37 100
46 823
35 234
15 7
23 224
17 118
7 21
19 44
25 278
17 116
31 46
50 129
18 81
3 2
31 347
29 107
50 1199
21 144
31 63
37 247
50 176
5 5
50 272
35 12
2 1
2 1
43 695
10 9
45 852
27 91
24 134
38 527
32 434
8 18
40 402
13 3
45 618
44 584
40 769
14 50
29 247
21 159
16 100
28 226
43 214
33 464
13 37
40 684
27 233
7 20
41 459
6 8
37 269
27 40
28 6
15 101
7 3
26 145
14 2
31 114
10 16
23 227
32 46
17 73
9 21
25 247
42 587
32 81
30 123
51 157
48 206
14 76
2 1
24 187
44 256
20 52
16 10
26 47
2 1
6 5
15 4
9 3
9 32
34 340
48 58
46 1000
50 257
49 735
48 844
15 39
25 34
43 595
26 67
37 249
11 21
37 608
22 118
31 208
33 126
17 110
46 875
23 79
19 124
45 214
41 669
5 5
43 316
7 17
17 130
43 471
35 142
51 756
20 89
34 218
43 683
30 124
10 37
35 196
23 21
42 253
39 31
29 379
45 424
48 595
28 160
36 512
16 45
18 97
16 99
36 529
50 440
48 879
18 67
36 8
11 20
2 1
24 135
29 90
15 79
27 147
12 43
2 1
50 192
13 75
18 138
24 255
13 71
23 204
3 1
21 82
33 512
11 15
51 1264
23 246
13 26
5 5
11 21
2 1
25 64
23 145
14 53
6 7
18 50
7 16
34 332
33 145
48 961
22 78
33 310
14 42
42 796
20 62
27 160
12 19
38 530
40 210
32 112
27 59
22 231
18 102
11 40
23 124
44 604
6 11
38 656
21 160
40 1
32 30
15 57
13 72
27 297
2 1
47 476
5 8
14 12
26 97
21 38
30 369
42 791
40 550
7 3
10 44
2 1
10 11
33 220
18 5
23 178
17 115
48 820
40 201
41 43
35 171
12 24
26 228
50 188
33 436
26 190
50 677
32 299
43 98
29 31
26 27
31 420
23 144
10 30
40 88
24 270
10 18
37 377
36 114
48 963
40 534
11 29
51 192
48 844
7 4
3 1
30 406
22 99
9 24
13 2
30 264
21 109
19 131
24 183
41 42
26 55
46 644
21 156
27 155
38 83
44 100
15 2
23 42
25 282
16 55
30 326
20 68
37 400
5 9
45 795
33 144
27 106
3 3
24 177
13 64
12 57
4 4
29 129
10 41
7 20
36 364
22 153
35 471
46 254
17 128
37 261
9 29
29 271
9 17
38 279
15 67
28 332
23 166
43 9
7 16
8 19
34 288
50 968
36 373
9 22
32 345
2 1
7 14
49 1115
33 148
38 110
35 194
14 57
22 8
39 335
4 1
22 189
24 39
7 13
13 63
12 4
7 18
34 370
43 729
28 346
18 54
21 160
31 309
7 3
41 633
30 374
40 499
33 182
20 177
21 152
50 355
28 366
45 299
21 16
43 186
12 14
14 6
12 16
19 57
45 147
12 4
3 1
23 117
13 75
22 17
25 171
14 39
30 399
12 64
45 3
47 215
13 48
38 593
2 1
41 675
13 68
17 5
4 2
50 864
33 439
48 495
45 752
6 2
21 56
22 217
21 6
23 56
26 185
8 10
15 84
23 51
51 187
45 254
29 216
21 169
18 68
17 10
30 20
34 475
38 635
17 110
20 139
42 716
50 822
21 84
46 91
43 673
31 345
3 3
32 83
19 13
40 23
9 25
5 10
22 110
45 218
51 1087
28 142
10 10
40 278
39 75
22 37
32 452
17 99
11 31
4 1
45 183
14 88
13 25
43 457
10 5
22 148
50 122
49 625
22 33
37 638
21 126
42 83
10 18
36 139
4 1
50 421
35 102
49 1013
29 347
29 340
24 120
46 496
48 148
28 77
32 495
32 63
21 11
6 14
29 213
50 607
32 365
30 154
11 13
11 19
17 105
27 72
40 483
14 31
19 110
4 3
4 1
4 5
6 4
6 4
2 1
18 18
4 5
48 59
23 165
2 1
48 169
30 365
2 1
20 190
34 306
21 106
9 34
13 62
35 146
49 358
23 193
18 53
12 65
37 352
23 44
26 118
18 152
3 1
48 14
41 439
48 482
17 132
36 387
18 137
45 26
5 5
33 358
40 332
37 134
28 116
17 25
28 354
6 11
3 2
5 4
33 138
4 5
6 14
27 73
8 11
40 463
37 604
35 266
14 42
2 1
32 127
43 691
51 349
42 383
2 1
48 918
47 316
32 403
42 659
25 100
27 240
13 49
35 297
39 350
19 63
40 700
10 36
12 48
30 56
16 11
48 7
14 54
16 35
44 88
51 793
6 7
30 236
41 174
15 34
13 42
22 128
34 346
33 405
44 596
47 273
44 108
23 189
37 30
2 1
44 688
46 372
29 116
15 39
42 798
51 427
12 6
3 1
4 1
39 662
46 685
4 1
29 308
46 744
13 9
42 452
47 199
4 1
16 46
45 25
44 409
8 7
17 56
51 368
45 269
15 30
24 135
29 274
43 686
14 52
17 132
10 28
46 131
39 39
29 311
14 38
28 221
28 192
33 156
13 40
17 83
18 21
44 801
41 387
19 29
42 380
10 16
49 407
14 54
14 49
18 26
14 30
49 309
38 99
20 148
8 28
25 23
25 169
20 33
6 12
19 41
25 279
49 129
34 12
7 17
3 2
26 41
18 39
8 19
4 3
3 3
11 7
35 185
46 224
50 551
43 26
49 873
46 212
37 631
9 27
25 112
17 24
28 150
23 65
39 26
12 61
38 340
19 154
8 18
26 231
14 47
23 227
34 536
9 10
45 325
13 18
29 46
18 115
14 10
42 489
17 8
44 160
25 60
24 104
23 232
38 270
20 148
48 1054
26 206
24 11
23 188
39 365
19 128
7 10
47 416
33 173
50 250
15 92
37 58
5 9
39 117
45 627
51 167
11 21
50 209
47 361
21 15
21 39
42 346
20 148
23 31
51 1046
29 49
45 804
51 322
23 178
42 826
46 107
12 6
18 121
41 503
31 81
50 326
51 1266
28 166
29 34
24 145
19 158
42 415
17 56
11 34
32 334
9 5
42 596
34 521
31 47
25 261
35 502
14 89
14 56
5 10
39 728
20 26
32 339
20 156
4 4
37 611
31 441
10 12
17 29
32 45
15 69
10 38
29 377
33 318
12 18
32 194
17 49
6 11
13 73
44 832
2 1
47 223
26 181
4 4
50 1134
39 88
40 746
12 28
19 124
8 14
33 356
29 43
41 642
45 841
8 12
15 97
16 101
41 572
18 28
34 375
28 85
29 184
21 131
34 170
36 42
20 38
32 424
17 116
31 224
24 256
45 118
45 350
50 308
4 5
27 296
34 369
11 45
21 179
3 1
19 5
46 592
4 1
35 140
50 488
29 207
49 115
9 9
36 498
26 312
25 1
25 258
6 3
21 54
15 21
30 93
10 41
20 13
3 2
34 285
18 105
23 113
34 153
10 29
40 594
6 5
37 163
23 167
14 56
16 6
13 1
12 60
19 154
35 42
36 346
24 72
27 275
21 50
27 125
29 374
14 3
29 60
15 45
40 167
43 380
5 5
49 602
27 45
46 295
41 379
26 188
33 362
8 5
14 34
34 100
46 152
27 125
50 114
25 87
18 22
43 194
21 181
37 273
8 26
7 5
12 5
12 62
37 187
50 74
51 183
43 237
32 45
19 39
9 31
17 128
11 9
49 381
50 909
28 93
16 93
6 7
18 133
24 206
34 155
51 782
4 6
29 1
11 7
13 11
41 739
46 734
40 764
30 307
30 310
46 384
40 240
23 74
17 34
8 9
15 36
33 164
50 559
2 1
7 13
32 241
45 757
46 172
22 192
21 129
30 404
45 478
16 106
23 122
10 38
34 549
37 102
41 656
26 242
49 274
6 4
31 265
6 11
32 429
51 627
27 319
19 55
48 830
37 529
17 17
51 750
20 157
17 96
26 242
3 1
26 33
51 329
9 9
30 13
34 60
41 730
10 12
32 486
41 468
29 178
15 99
8 26
17 90
43 192
16 113
12 55
51 1163
43 26
22 116
48 137
2 1
16 90
47 14
18 95
17 28
47 256
23 93
14 80
29 60
29 297
49 471
34 212
4 1
9 15
49 12
30 94
46 25
11 30
42 452
30 389
22 87
39 692
29 22
34 9
7 10
51 678
3 3
5 6
9 24
31 183
20 89
9 16
4 1
6 11
43 233
5 2
10 8
6 1
45 377
44 635
50 992
5 10
25 57
7 12
21 97
41 791
46 47
7 11
14 62
46 121
48 1014
18 52
43 68
43 805
13 9
37 346
29 1
13 13
48 849
35 129
6 15
12 60
23 138
2 1
30 165
43 774
47 845
34 417
34 404
24 69
14 42
9 26
49 9
44 359
40 526
14 22
51 1198
46 443
41 645
10 30
42 283
48 118
10 44
25 44
6 8
41 57
7 19
8 17
19 149
50 481
27 42
50 1077
38 375
51 251
42 452
47 607
10 44
19 49
23 44
13 21
42 240
46 158
51 128
51 417
4 5
23 7
14 79
8 6
18 81
28 378
18 150
41 805
18 81
44 557
3 1
18 44
8 19
40 488
17 75
25 168
44 556
51 780
21 56
7 12
16 93
46 296
9 11
8 17
47 240
16 7
10 41
42 3
44 55
26 85
22 230
31 213
47 362
21 25
37 17
3 1
10 37
33 497
34 177
42 571
41 95
27 240
38 645
17 5
48 860
42 141
41 580
33 331
49 109
2 1
28 123
33 182
2 1
3 3
5 4
15 13
49 161
44 34
6 15
15 73
3 2
20 21
26 152
31 104
3 2
7 10
37 231
17 132
6 2
23 194
11 32
2 1
27 285
45 272
6 14
35 501
16 44
49 1129
7 12
16 79
10 17
40 34
14 87
35 287
23 155
26 281
45 417
42 743
22 26
3 2
46 152
33 53
43 174
2 1
11 5
9 14
40 756
15 68
3 1
20 83
4 5
7 15
22 210
19 163
33 145
21 76
8 18
37 379
36 356
50 44
4 2
15 73
5 7
46 167
26 290
30 184
11 29
28 330
33 242
26 263
18 57
41 585
51 125
26 286
13 54
30 284
32 76
9 8
23 43
43 175
20 81
28 54
7 4
12 27
51 688
2 1
35 245
44 295
17 127
21 208
43 102
44 855
47 31
11 37
5 2
14 27
25 291
2 1
46 587
21 34
50 195
13 8
13 12
21 27
21 201
5 4
43 846
37 545
50 622
5 2
49 838
25 121
9 30
5 2
38 197
48 181
43 827
21 33
12 21
33 45
32 495
47 1057
34 364
10 26
30 417
34 466
30 208
50 1111
34 90
40 690
25 286
7 17
44 566
23 200
19 140
39 127
41 53
22 224
18 64
6 15
44 77
24 157
47 4
10 28
28 47
48 231
35 48
21 209
31 408
35 144
49 131
48 515
8 17
11 23
49 920
20 170
3 2
13 23
18 1
26 43
22 90
46 71
28 206
37 620
10 29
8 4
44 135
45 439
23 221
24 97
20 82
13 64
36 503
18 103
48 1047
46 259
18 1
25 294
8 12
4 1
31 64
25 123
15 67
24 191
23 128
8 8
40 148
10 43
43 79
28 168
22 93
7 10
15 57
34 138
44 743
40 82
45 123
47 577
32 109
46 707
19 79
44 762
21 164
31 301
31 21
50 278
27 42
41 302
36 22
15 59
7 19
2 1
17 28
12 5
21 75
51 1037
8 1
43 68
49 399
38 439
27 316
32 444
41 40
46 87
44 750
6 6
12 1
4 5
8 4
28 18
21 68
14 11
23 97
7 12
28 36
51 954
29 254
8 10
3 3
49 534
13 20
49 585
14 73
4 3
17 31
47 891
7 17
16 30
17 73
51 1092
15 91
46 659
34 400
16 34
9 34
32 438
18 52
49 15
32 462
2 1
31 192
35 257
7 15
17 7
22 105
15 34
19 45
30 175
17 21
36 515
7 6
47 574
47 310
6 6
45 436
24 59
5 6
13 35
7 18
33 394
47 1038
13 62
10 17
16 74
38 652
50 367
18 63
19 161
40 745
40 314
33 141
10 35
21 112
46 516
51 353
4 2
28 74
12 21
11 30
10 21
25 159
40 380
5 7
4 4
34 387
29 388
6 13
49 297
10 14
5 8
25 108
6 15
25 215
35 295
41 24
31 285
3 2
8 8
27 145
2 1
5 10
22 57
18 104
37 481
17 93
36 309
48 1095
41 702
7 7
7 13
20 185
14 72
3 3
30 125
31 447
38 14
12 22
45 450
30 435
7 19
21 202
35 221
34 93
40 690
49 258
39 727
29 96
40 752
20 188
14 8
50 1174
35 261
9 25
43 389
11 33
33 68
42 499
48 975
39 460
17 75
30 393
3 2
4 3
43 361
9 22
23 75
5 7
21 82
36 72
51 445
12 29
27 255
47 401
29 10
10 15
21 40
49 1118
51 1050
13 73
23 228
47 125
31 336
2 1
13 47
11 26
32 118
45 296
26 139
31 194
25 140
49 554
30 195
16 118
47 222
21 199
51 692
14 29
19 138
28 233
49 769
45 380
13 63
37 574
28 219
42 428
7 7
47 780
36 442
15 53
40 426
2 1
3 3
19 51
29 174
3 2
35 407
8 8
36 284
34 345
11 24
14 10
15 83
4 6
20 99
33 231
5 3
49 435
49 911
29 253
12 51
3 1
28 330
42 609
4 4
24 62
50 386
33 298
44 757
12 6
6 3
25 258
28 292
15 11
39 9
51 323
22 96
45 577
15 61
10 36
12 2
32 219
20 73
25 213
50 1060
29 195
30 27
13 39
24 221
33 258
17 115
11 41
37 569
36 281
43 96
18 107
29 335
16 28
14 34
12 61
28 96
16 45
42 140
12 21
4 6
28 138
27 107
4 3
43 205
15 98
35 342
40 233
31 329
12 53
45 283
6 5
13 54
27 193
50 63
18 15
32 67
21 156
31 345
20 13
14 72
9 34
16 96
12 26
2 1
39 387
46 790
16 96
19 30
11 6
32 225
20 21
22 60
20 83
15 49
28 377
23 179
27 69
33 128
32 32
11 4
29 86
14 77
13 78
39 722
48 526
50 717
30 397
8 13
27 187
40 212
49 472
39 359
48 495
12 53
3 3
46 249
27 34
26 12
41 22
11 24
30 208
8 7
32 31
10 6
38 193
11 21
7 8
12 22
18 24
32 92
45 7
50 671
39 385
9 27
37 109
18 9
27 160
26 59
41 655
15 56
33 257
15 84
22 158
44 507
48 1077
8 20
2 1
16 18
28 320
16 112
41 83
30 387
9 5
28 254
41 323
26 96
18 17
10 23
15 83
27 75
28 48
7 18
37 328
16 14
44 49
28 8
15 16
3 1
11 34
19 167
22 51
20 107
33 524
27 97
33 328
12 35
34 182
37 285
36 612
35 199
34 280
13 4
17 107
17 17
44 734
25 13
31 209
3 3
24 173
11 32
29 20
18 69
36 304
34 161
6 11
2 1
29 366
35 218
27 351
21 209
38 404
34 130
39 653
29 327
12 61
22 219
9 5
3 2
41 216
17 134
5 6
36 21
30 278
27 11
20 5
24 219
40 95
23 250
42 640
41 331
41 810
43 270
47 954
44 47
32 431
36 404
27 124
18 2
39 354
10 39
39 372
16 6
40 737
4 3
41 265
32 173
5 3
29 262
19 86
41 60
32 150
37 326
45 432
13 48
46 300
43 645
5 6
10 45
45 33
24 173
8 20
15 33
29 83
15 7
14 68
49 793
30 263
2 1
37 292
8 20
35 300
16 67
9 19
32 7
37 648
37 120
12 1
7 9
44 135
37 110
27 44
49 662
19 69
30 375
13 64
38 588
38 309
34 548
27 336
48 591
22 62
9 27
35 509
23 94
37 489
34 282
44 643
19 32
33 343
18 7
37 445
38 444
8 18
19 146
36 46
47 237
50 204
38 357
20 110
12 48
19 99
18 75
27 203
23 22
35 430
3 3
45 20
46 820
12 34
35 37
30 396
4 3
35 129
15 7
51 499
9 7
18 8
28 268
10 15
4 1
40 14
14 29
46 57
36 476
21 60
3 1
2 1
29 370
46 441
39 371
18 111
12 59
19 69
30 278
41 663
21 210
39 307
14 63
42 300
38 529
20 151
15 94
48 672
6 6
35 332
38 166
37 548
38 133
39 111
33 74
2 1
10 43
39 364
20 10
22 168
45 881
51 208
13 32
2 1
37 620
10 40
39 636
25 126
51 963
45 621
43 5
37 197
32 471
23 120
6 14
11 38
37 305
6 7
5 5
15 17
42 535
17 64
16 99
6 6
2 1
48 453
44 822
46 580
8 8
26 61
12 45
11 3
46 885
46 746
22 93
43 70
33 65
43 88
50 698
15 91
48 782
46 224
46 359
14 7
7 13
14 19
27 171
17 16
40 32
25 59
22 182
23 30
26 213
51 323
12 57
27 190
25 220
49 398
10 42
22 104
2 1
35 323
8 13
3 3
15 55
7 13
43 134
37 484
42 203
42 455
50 1118
11 52
38 436
42 581
19 139
14 51
49 574
51 281
51 701
4 1
27 102
47 302
37 239
37 246
20 46
30 122
44 108
41 642
47 1054
29 399
46 122
36 622
42 503
51 790
36 2
3 3
12 48
31 21
33 446
24 143
44 73
20 98
39 686
20 153
44 706
49 319
43 792
32 232
19 45
23 61
32 359
19 36
25 248
39 99
16 40
9 29
14 52
47 616
37 460
38 65
17 28
18 2
20 47
39 396
29 179
44 176
37 276
3 2
10 41
17 71
3 3
33 6
2 1
17 136
48 800
17 6
38 492
21 95
33 277
44 823
21 15
19 95
46 104
16 103
12 33
29 114
4 5
27 118
40 203
42 161
45 46
51 532
42 318
37 236
31 251
31 309
16 79
6 1
20 169
15 99
2 1
41 104
2 1
9 35
8 12
31 332
6 9
34 377
51 596
17 87
2 1
30 105
46 955
27 39
6 6
42 761
34 19
10 5
48 538
28 50
17 86
8 24
38 251
18 82
13 36
19 166
30 368
31 418
33 251
37 88
48 504
42 836
9 1
16 5
22 182
13 18
48 466
8 1
12 59
23 177
10 29
40 657
37 141
12 41
26 223
8 28
27 165
3 2
51 392
42 255
11 47
8 16
23 234
44 296
41 54
9 26
6 1
37 282
17 8
14 29
49 1095
15 35
18 68
10 3
36 572
40 664
4 5
3 1
13 54
11 38
12 27
51 1242
17 25
10 32
37 197
23 106
40 307
10 42
6 15
26 90
22 137
36 143
9 22
2 1
34 228
24 210
29 94
11 18
13 26
25 47
43 123
35 482
36 92
40 760
14 28
32 111
26 240
9 12
4 2
5 5
18 108
31 141
2 1
39 472
12 20
12 5
13 40
35 572
38 198
39 245
37 62
35 313
33 425
49 710
51 1077
22 49
32 44
14 34
44 563
46 134
17 19
9 29
51 1018
26 12
18 89
39 128
32 395
17 87
15 74
49 1135
18 140
32 239
23 243
31 439
46 725
20 90
32 208
40 431
20 5
20 47
30 391
41 69
29 276
24 113
22 91
5 9
43 293
38 356
27 155
32 125
42 289
33 377
28 238
4 3
38 119
34 134
29 82
26 258
32 208
49 563
21 93
42 365
39 65
31 316
45 10
39 663
11 21
9 34
44 271
35 399
34 12
46 88
43 898
21 92
19 11
26 114
25 115
5 1
45 323
27 21
45 245
25 155
37 608
46 803
45 738
9 8
49 932
41 569
25 211
13 78
31 1
35 558
4 5
16 48
22 14
38 460
8 2
24 58
48 523
22 166
47 239
21 133
32 339
34 157
21 175
51 1026
33 443
4 2
23 135
35 309
12 20
11 43
36 584
10 17
51 957
24 213
10 12
43 871
4 4
51 647
21 109
25 104
34 261
40 776
47 697
51 257
46 261
25 182
47 494
14 15
16 95
44 6
30 139
20 31
11 8
5 1
19 32
35 57
5 5
9 25
49 851
8 11
22 197
27 297
17 38
13 2
27 266
10 29
41 227
35 441
47 544
32 33
18 84
18 81
42 407
24 266
35 69
35 379
12 17
20 98
51 7
12 14
38 199
32 304
49 875
29 204
6 1
11 52
28 254
44 97
2 1
9 4
47 364
38 145
7 3
36 526
39 657
34 129
17 81
3 2
32 50
10 8
43 654
10 28
47 153
37 398
19 34
31 300
39 248
23 75
28 264
2 1
3 3
43 8
50 1194
34 279
26 18
20 136
13 43
36 67
32 300
6 10
17 54
15 99
4 1
50 431
43 17
48 34
36 28
12 25
34 315
19 124
38 97
25 248
15 98
8 15
30 286
47 229
49 596
51 600
49 498
34 559
51 4
34 184
17 23
21 119
42 102
8 7
26 8
27 192
43 554
38 281
47 775
18 127
48 1086
46 195
18 91
35 96
6 13
2 1
15 17
21 174
10 4
33 222
12 33
27 150
44 530
25 238
46 777
34 238
10 7
39 496
6 13
45 479
43 651
31 192
19 16
11 28
33 175
14 43
2 1
46 35
2 1
36 236
15 12
40 633
46 718
2 1
51 1045
8 25
41 628
48 191
42 156
38 333
3 1
18 147
42 50
50 991
37 519
39 465
50 228
24 197
6 4
44 864
21 189
47 81
39 493
21 191
2 1
5 2
11 43
7 20
37 72
42 751
39 349
20 18
7 15
33 318
18 4
17 32
25 13
47 876
8 23
44 459
25 199
14 19
22 157
34 225
26 250
31 102
4 4
50 160
44 532
22 187
6 3
47 575
2 1
41 239
9 13
18 103
34 273
20 75
51 1176
13 58
29 51
36 280
43 40
42 121
17 51
46 285
50 941
48 399
35 447
10 23
22 110
29 353
7 1
8 1
50 1120
32 280
13 1
6 5
3 2
42 589
8 28
38 574
29 55
8 11
22 12
6 1
43 100
46 264
31 58
6 3
25 85
4 3
3 3
43 362
6 14
22 9
20 157
19 76
43 220
11 19
42 722
8 26
2 1
31 145
7 15
9 31
22 212
19 171
22 147
27 54
45 839
37 527
6 11
13 24
31 264
13 14
43 14
5 4
23 28
24 119
22 39
11 44
47 749
18 13
40 45
41 644
44 798
49 101
36 252
50 989
38 667
36 568
32 20
22 30
26 45
32 299
30 135
41 734
19 20
40 188
4 4
42 596
10 16
46 818
3 2
9 14
7 14
18 149
35 229
41 28
34 374
6 6
12 38
37 138
5 4
38 280
7 10
5 6
20 91
12 52
46 68
10 31
13 77
37 498
16 85
6 15
47 472
13 58
8 22
38 674
24 109
21 50
5 3
47 409
26 231
45 500
26 54
21 197
34 339
35 437
33 104
49 775
2 1
36 389
8 5
21 181
47 462
12 31
17 58
23 19
14 86
10 4
24 234
26 105
36 10
2 1
51 651
45 990
11 53
9 36
2 1
49 554
21 38
49 833
16 69
25 279
39 403
19 29
11 4
15 99
5 6
12 25
17 99
7 15
35 130
45 646
44 418
34 386
2 1
49 300
4 6
47 42
7 12
50 792
10 17
14 43
30 293
21 175
30 380
22 87
40 627
51 306
11 55
46 320
19 44
30 295
18 52
10 34
42 182
42 748
23 162
15 96
30 8
48 980
10 34
25 147
36 125
31 439
10 21
7 18
20 34
49 282
11 17
12 49
16 103
2 1
8 5
40 456
2 1
46 570
4 4
7 18
45 785
36 265
13 28
32 65
27 220
21 165
37 498
36 293
36 278
42 162
5 9
31 456
16 86
16 47
46 376
9 25
8 9
44 795
35 490
2 1
5 2
45 962
4 4
45 569
20 186
35 294
15 83
31 98
42 647
47 372
15 1
26 248
49 1091
42 777
46 348
43 265
15 20
43 626
17 83
8 3
23 253
11 50
7 16
15 61
34 538
34 479
17 113
21 3
29 128
47 522
7 9
23 141
26 13
40 220
2 1
27 294
41 36
9 27
25 21
42 317
33 387
9 23
34 132
13 58
44 847
37 184
50 1182
22 118
23 215
13 24
10 45
47 680
26 78
43 66
25 184
11 37
9 25
6 3
46 728
7 18
29 49
38 48
51 309
49 839
20 102
47 353
2 1
25 177
45 147
27 82
2 1
28 124
4 5
5 10
2 1
39 168
3 3
7 12
37 231
26 79
17 71
31 328
12 7
45 446
23 233
25 224
9 28
34 285
34 354
13 57
49 839
13 63
30 214
51 1214
25 26
19 5
47 251
10 29
7 21
15 59
24 120
3 3
42 526
44 849
23 222
10 14
7 4
19 51
42 749
51 514
45 979
6 12
18 38
51 549
17 135
3 1
7 18
22 195
40 675
24 56
21 204
32 227
7 10
14 55
19 15
13 29
31 3
7 2
33 261
23 64
25 173
40 89
29 47
30 61
26 302
28 264
36 97
24 86
7 21
38 575
49 816
41 439
20 27
27 280
5 9
2 1
25 191
8 17
3 1
19 55
40 134
25 75
4 4
17 10
33 8
36 361
7 11
10 36
23 50
29 279
38 337
4 2
21 112
15 11
50 406
50 464
27 56
16 30
20 140
41 602
36 256
33 194
4 6
19 140
28 203
2 1
25 5
25 295
19 33
19 158
20 166
7 3
40 30
27 189
2 1
11 38
43 387
30 324
33 56
19 46
43 816
24 99
27 21
13 24
38 16
14 47
47 519
4 4
41 729
43 522
46 888
31 147
46 218
31 243
5 9
38 9
21 141
15 43
12 11
44 653
4 1
4 6
28 140
34 447
37 208
12 8
29 6
21 92
50 852
50 504
51 412
2 1
49 384
20 8
41 93
7 12
22 191
42 75
16 115
21 192
51 730
37 319
22 130
3 3
7 18
26 133
39 413
30 122
41 229
45 599
14 59
23 9
10 14
37 267
39 338
30 399
37 652
18 25
21 188
30 208
20 95
36 206
32 393
44 320
16 108
51 1079
40 41
16 79
37 563
26 248
6 13
12 33
19 40
51 90
47 383
18 36
33 263
22 116
20 95
34 52
4 2
14 9
7 13
42 748
30 295
16 96
21 75
29 29
6 12
29 240
6 6
16 98
51 811
3 1
3 2
3 3
21 126
47 675
46 381
17 23
4 2
11 42
8 25
11 31
17 12
14 43
36 607
10 7
15 35
5 6
47 1074
22 96
26 294
40 151
7 10
47 1072
39 315
30 271
47 673
9 15
31 405
33 402
50 40
3 1
51 533
32 421
18 19
12 49
23 80
15 47
8 23
36 506
18 14
42 248
4 2
25 282
21 177
51 95
48 453
34 84
9 30
45 644
18 42
18 24
5 10
17 82
41 430
8 18
16 69
23 155
50 222
2 1
7 1
40 174
3 2
2 1
37 660
38 207
50 505
44 536
35 44
19 151
11 31
36 364
26 58
44 269
7 4
45 391
47 889
15 4
3 1
11 35
10 27
46 244
2 1
16 57
49 1080
14 73
8 27
34 358
5 5
8 20
20 190
23 57
32 38
15 70
2 1
27 184
23 109
23 88
10 11
13 58
18 47
16 26
24 27
9 15
24 39
41 3
17 19
9 5
49 1131
34 232
49 826
15 76
28 183
48 64
24 160
44 207
35 577
17 87
6 11
40 659
43 594
22 127
43 491
6 2
4 5
43 441
45 67
22 26
44 231
9 15
27 12
9 18
10 18
23 23
51 335
45 733
40 716
51 30
47 62
24 198
44 380
2 1
23 222
11 20
40 587
32 285
20 108
29 245
14 88
46 842
11 3
6 3
7 11
30 203
12 38
3 1
18 51
44 43
26 252
6 15
22 207
32 13
26 135
20 157
9 9
51 1069
6 6
19 110
14 71
13 56
51 438
31 413
17 16
9 12
27 58
6 3
2 1
39 359
48 646
14 91
23 134
26 276
21 92
36 172
41 58
8 17
13 21
12 8
11 33
20 45
33 523
33 94
13 29
9 12
29 206
14 50
34 23
28 72
34 93
37 430
12 30
16 43
31 460
51 765
45 288
27 319
44 410
11 24
29 187
14 56
41 735
8 27
17 5
29 38
47 250
22 200
10 10
32 424
12 28
30 340
50 455
32 251
15 93
49 127
12 36
51 501
38 680
26 277
42 31
50 188
20 81
47 210
7 17
15 78
8 19
23 30
50 1130
51 237
48 24
5 9
8 12
10 10
12 41
47 630
38 391
42 649
18 81
34 288
15 91
44 74
41 757
28 232
22 15
2 1
27 76
28 14
11 38
30 302
23 71
28 94
25 269
15 67
7 9
18 137
45 699
42 239
26 44
26 122
48 147
16 62
34 445
7 13
32 322
19 2
12 20
13 34
13 9
28 193
26 268
39 211
3 1
7 1
51 582
26 322
10 31
19 147
35 310
40 666
13 26
19 115
2 1
11 49
8 7
33 203
32 407
3 1
3 3
13 36
42 205
49 65
27 287
47 861
43 268
28 57
42 813
30 343
27 52
7 3
28 203
18 59
11 11
44 543
31 104
15 2
40 351
26 316
31 10
28 31
6 4
28 89
50 281
40 647
47 905
12 34
37 209
31 32
50 1097
11 20
28 19
5 5
37 612
34 130
48 39
38 152
15 68
50 365
21 29
42 124
35 8
37 15
32 244
19 65
42 137
12 22
2 1
35 486
44 404
3 1
28 198
44 542
4 1
9 14
30 158
38 388
3 1
36 503
44 740
15 29
33 324
2 1
43 752
21 134
51 846
26 153
12 23
20 183
11 42
37 662
27 332
7 12
49 348
13 56
46 355
24 190
3 1
10 23
10 38
30 378
2 1
38 515
24 155
26 134
34 28
25 261
37 119
41 383
23 30
25 218
26 49
46 286
24 39
22 1
32 95
41 153
6 1
44 333
34 190
12 59
31 371
30 50
17 92
50 987
19 143
5 4
24 202
23 244
3 1
29 30
43 313
17 100
46 100
25 179
31 329
48 700
22 69
27 348
44 273
25 263
50 154
7 7
29 213
20 130
21 196
14 56
18 48
11 51
41 104
42 146
20 129
32 382
15 101
28 229
33 19
22 175
30 8
5 7
6 10
39 630
23 30
40 268
33 122
51 1199
34 112
46 294
30 165
46 644
33 445
3 1
22 109
48 756
3 3
11 33
28 1
34 176
51 1073
39 211
26 87
8 17
30 216
13 29
28 30
3 1
30 321
24 171
30 282
3 2
25 13
40 92
12 66
4 5
49 714
45 102
30 140
32 309
51 567
16 6
51 668
36 428
24 68
31 119
32 250
36 316
47 553
8 25
48 125
18 131
2 1
17 43
12 2
38 463
40 193
38 324
21 111
20 5
31 154
49 106
33 254
18 51
8 19
34 484
37 635
50 711
13 56
17 96
12 10
34 285
5 9
44 21
43 644
20 13
10 16
36 180
51 1226
20 186
27 12
12 31
5 9
49 1049
25 113
38 253
15 74
39 62
41 300
42 393
42 521
8 13
28 113
42 225
45 401
35 531
12 22
32 142
5 10
32 229
43 591
15 22
38 41
24 138
32 155
13 5
27 88
24 67
12 27
35 579
26 217
27 177
15 18
4 1
38 556
46 673
2 1
35 540
12 66
20 173
26 281
16 62
50 1112
9 11
5 2
16 48
11 50
16 94
49 1140
43 28
3 1
15 85
49 1005
47 451
10 4
3 1
45 388
35 199
6 9
6 8
36 201
38 147
13 14
18 130
24 139
46 656
50 985
31 251
9 31
7 21
42 150
51 259
28 28
29 271
30 269
43 437
5 8
9 7
32 33
27 207
38 66
32 343
32 468
31 20
40 247
9 11
47 71
13 16
45 61
5 4
25 195
37 465
25 246
47 584
23 65
12 12
43 244
45 874
4 3
16 31
13 18
20 69
36 292
33 524
24 129
3 1
32 475
30 151
37 294
13 5
45 253
17 121
16 81
13 57
37 642
10 34
5 7
10 23
12 44
18 9
27 199
35 98
12 44
14 88
38 304
6 2
50 295
19 104
34 75
33 354
12 12
21 184
20 108
4 3
18 102
16 2
40 138
50 299
13 53
45 688
40 588
31 107
21 129
3 3
33 439
24 202
25 294
8 12
22 193
23 146
28 144
33 211
37 260
16 9
45 481
47 991
11 2
22 103
27 3
37 609
7 8
51 955
2 1
24 201
17 135
12 56
35 294
10 31
26 75
20 31
38 702
6 4
44 769
30 173
50 215
27 74
25 275
38 251
33 512
50 797
9 32
42 148
8 27
15 32
28 62
3 3
51 206
13 5
33 370
11 42
7 21
39 661
15 19
9 18
36 68
45 524
22 219
40 58
37 440
12 3
38 232
29 231
20 101
30 35
33 370
35 215
28 97
22 162
47 1031
39 206
40 533
29 220
20 16
40 166
20 171
19 34
13 51
43 149
38 108
34 329
12 60
11 40
39 538
33 168
12 45
19 107
6 5
13 45
12 36
30 224
3 1
35 273
48 167
47 1062
49 237
4 1
47 387
3 1
44 381
20 173
8 24
5 1
33 3
37 450
18 70
24 154
16 98
34 180
38 265
47 266
9 20
49 832
13 37
42 129
36 419
10 26
47 867
5 7
29 387
22 198
5 5
15 30
3 3
32 386
28 310
27 265
28 55
43 299
23 239
45 28
43 676
50 1064
16 22
16 74
43 91
41 347
32 299
17 93
5 6
27 56
24 115
19 1
25 211
40 607
45 122
5 7
36 64
26 126
8 2
46 738
29 128
47 200
43 155
48 243
10 27
27 91
26 146
34 417
7 8
47 557
8 9
39 622
6 3
45 443
5 10
12 27
26 33
46 338
20 173
15 93
18 91
12 27
37 77
41 284
18 66
46 248
36 592
15 54
45 389
3 1
49 1054
35 169
22 178
42 399
24 204
20 49
47 665
32 20
24 74
28 55
5 1
15 35
5 9
30 270
38 598
51 309
48 515
8 7
14 9
11 32
7 11
28 167
9 1
37 226
29 72
24 171
35 56
21 40
15 30
40 250
34 78
34 203
24 191
51 162
42 55
24 214
42 434
49 404
8 22
33 452
48 408
17 27
40 777
23 39
38 678
2 1
2 1
3 1
26 301
10 22
12 1
13 33
32 413
2 1
45 42
23 124
36 217
26 248
27 85
27 293
10 31
35 399
11 35
35 551
38 567
3 1
28 145
51 1207
24 130
49 801
34 18
10 29
9 19
44 49
31 398
49 84
44 797
51 729
19 37
42 617
28 90
4 3
9 17
14 53
7 7
50 89
32 439
10 3
42 591
25 22
22 191
12 32
2 1
20 100
46 647
25 223
6 3
28 41
33 45
48 582
2 1
29 103
4 6
21 75
40 453
17 104
14 69
26 240
40 435
36 263
9 36
8 1
38 444
28 349
25 173
9 20
20 67
7 9
25 75
18 85
18 50
27 120
12 40
46 359
49 901
35 486
43 478
21 9
26 298
2 1
23 87
26 40
47 543
15 89
7 21
36 574
16 10
7 14
12 50
24 215
34 547
15 99
49 93
5 4
31 459
24 39
14 31
43 391
31 132
30 390
39 303
11 17
24 109
27 146
17 74
46 815
9 22
25 255
43 290
29 403
36 322
26 222
51 1018
8 11
25 85
18 14
50 476
13 71
43 484
11 17
42 332
10 13
13 78
5 5
13 61
31 216
37 326
46 730
25 201
18 60
38 31
11 22
9 29
13 41
13 21
8 28
25 267
2 1
51 431
43 586
39 379
10 3
27 306
10 24
8 21
49 1051
8 11
33 170
30 358
17 116
14 71
46 253
42 148
24 250
51 816
6 4
37 392
14 25
21 203
11 14
48 899
24 241
16 26
23 71
51 1089
38 408
14 76
3 1
29 28
47 940
42 686
19 162
17 12
39 109
6 4
16 13
8 14
9 7
46 251
17 79
21 44
9 34
35 511
41 143
37 33
43 406
40 151
4 4
43 168
44 624
42 25
50 648
49 720
21 3
41 497
40 121
41 308
45 316
10 30
39 593
23 1
23 50
42 559
17 125
17 34
31 429
17 12
7 18
40 587
9 13
15 26
40 683
44 153
31 458
20 78
48 254
51 845
3 2
44 371
26 211
29 234
20 183
37 402
9 22
3 3
5 5
13 61
21 185
32 91
10 44
19 61
44 276
27 155
11 31
15 99
32 163
40 291
36 396
27 88
3 3
10 22
47 230
2 1
28 271
18 5
33 27
43 620
5 7
20 73
38 517
49 629
25 188
20 178
15 66
3 1
28 243
24 162
34 458
39 277
7 6
46 462
41 126
13 73
6 10
8 7
16 34
13 24
45 132
49 305
31 189
26 156
12 27
30 23
23 242
4 2
24 84
15 23
36 456
8 11
8 20
35 382
20 117
12 58
29 182
21 189
10 44
17 109
44 486
15 4
14 90
42 788
16 67
49 514
35 331
43 68
22 103
16 62
22 176
6 6
36 285
10 20
21 45
19 2
21 3
29 311
51 245
19 61
29 15
19 87
23 150
6 13
35 254
37 406
47 455
7 19
17 103
30 383
42 157
2 1
29 294
45 610
3 3
47 211
30 73
43 501
24 98
48 60
17 86
13 48
22 113
47 662
34 57
25 223
23 156
36 259
7 9
31 267
44 937
36 553
40 148
26 37
24 177
20 109
5 10
3 1
50 997
14 85
23 148
7 18
12 46
45 458
22 177
25 213
49 99
39 581
39 412
50 136
36 578
2 1
50 204
15 22
3 2
31 408
14 10
17 74
27 265
44 170
34 22
14 20
30 30
21 6
12 40
29 181
38 477
36 596
34 400
35 244
25 165
10 41
2 1
12 26
35 96
27 1
25 88
51 677
38 263
18 135
37 579
47 201
27 28
11 49
30 260
45 794
11 17
43 792
26 229
39 659
10 28
29 118
3 2
34 208
46 282
37 520
49 1087
7 5
13 11
32 99
11 22
47 923
29 115
31 330
42 696
17 97
32 23
34 446
22 69
22 68
19 69
50 215
40 534
39 544
22 228
46 37
47 679
3 3
30 301
31 89
49 169
20 80
39 715
15 25
19 1
28 363
43 129
3 2
33 247
36 332
13 19
36 468
21 176
34 199
18 102
17 34
9 33
46 522
40 258
8 28
45 775
46 335
12 30
18 33
41 141
47 83
30 302
11 46
19 157
49 726
8 6
2 1
3 2
14 28
6 9
51 148
4 6
35 450
44 9
10 42
2 1
35 72
38 78
33 142
40 261
40 366
47 1078
13 1
37 272
42 462
46 500
42 99
36 234
15 104
25 24
11 2
32 165
9 23
39 388
26 302
22 224
25 17
5 5
18 99
11 32
33 342
49 866
4 4
48 1026
13 57
42 162
2 1
19 13
40 197
51 888
36 340
29 68
39 297
47 394
24 134
14 72
12 45
28 121
49 1105
31 52
50 522
37 1
45 593
9 25
13 75
50 773
28 112
9 36
11 13
21 22
9 1
38 96
48 453
34 453
43 419
8 6
39 350
40 252
48 832
19 47
4 4
7 5
45 855
47 11
18 11
38 685
3 3
48 92
41 341
44 685
48 696
21 35
43 837
19 34
9 29
49 584
51 730
43 159
20 177
49 197
5 4
16 45
9 27
3 1
45 367
30 240
49 313
25 191
13 65
31 344
26 102
31 312
34 154
22 229
9 34
41 121
4 2
17 99
18 73
10 20
16 88
2 1
41 405
5 1
18 90
21 54
13 67
21 205
21 62
48 347
11 28
40 292
43 208
25 60
26 208
22 90
23 134
6 1
48 490
14 37
44 28
10 40
34 358
2 1
22 104
33 482
38 630
47 694
29 153
40 752
4 1
45 164
32 480
37 262
9 33
44 360
33 25
7 1
33 152
18 36
6 15
37 151
23 13
21 99
50 910
3 3
19 156
28 170
46 735
28 180
16 109
6 11
22 12
13 54
21 50
7 14
31 21
19 139
22 121
2 1
49 686
23 64
49 337
18 89
16 23
48 653
15 7
27 20
17 109
39 373
20 165
12 2
36 570
51 332
20 92
28 334
4 5
36 292
2 1
47 512
46 77
46 445
46 540
45 510
8 3
46 235
28 289
25 213
37 3
20 156
27 120
23 26
48 1074
32 117
9 20
14 47
21 27
15 4
28 85
25 85
42 794
12 63
27 236
32 495
11 9
20 37
46 497
19 14
50 123
41 268
27 336
14 21
12 64
9 11
37 557
26 178
3 2
47 1025
23 37
43 481
29 148
22 77
6 13
19 89
37 43
15 93
14 42
8 14
5 6
17 5
48 779
20 170
28 16
30 271
45 602
34 476
34 144
48 439
42 456
44 584
24 110
41 605
34 113
13 12
15 8
30 397
19 67
12 6
15 44
47 502
11 31
33 306
35 593
35 111
43 626
7 17
34 86
51 293
46 624
8 10
42 440
24 208
34 147
6 4
25 51
8 27
34 54
32 190
17 64
44 423
43 553
23 220
48 505
46 298
37 332
5 6
37 502
36 261
11 42
20 43
45 235
21 26
16 10
44 54
16 97
39 734
38 151
35 350
34 162
30 156
30 72
49 35
8 7
38 664
27 295
2 1
34 313
47 869
22 39
27 97
27 173
44 190
26 53
49 476
6 6
31 71
8 27
3 2
14 24
34 465
49 147
11 15
5 5
28 18
45 884
13 22
22 81
32 243
34 172
5 10
7 13
26 115
13 28
30 259
16 51
17 106
46 740
44 124
31 236
26 198
28 327
45 417
45 737
42 204
8 5
17 116
30 190
27 280
18 29
19 27
18 142
47 529
8 4
12 4
10 16
14 81
25 256
34 306
33 261
46 235
22 113
3 2
2 1
46 577
36 92
2 1
47 372
18 147
35 552
43 274
15 6
31 352
15 79
7 10
39 547
38 140
13 40
15 87
21 8
32 183
23 160
11 52
30 76
22 40
5 5
8 28
23 79
7 14
4 1
33 156
12 4
3 2
10 5
36 538
26 317
35 121
51 143
13 54
21 145
44 140
2 1
44 646
41 710
8 16
12 10
34 105
8 27
47 109
4 4
45 527
50 603
25 150
23 50
30 124
23 20
20 122
24 179
44 30
13 51
6 7
41 139
47 935
28 65
15 17
24 46
9 35
40 392
25 62
20 174
6 15
27 61
14 68
38 643
12 51
11 27
23 122
6 15
50 334
11 19
16 64
26 24
7 1
8 17
28 305
33 173
17 51
9 6
9 20
38 525
45 478
37 130
49 509
38 131
27 97
13 62
33 332
14 49
2 1
19 168
47 284
10 29
11 8
44 767
13 25
38 545
29 184
27 281
15 29
24 253
13 42
31 208
25 145
32 198
15 95
5 1
4 4
25 12
33 391
31 135
50 1016
2 1
41 359
3 3
43 377
47 906
13 15
48 705
22 3
11 1
30 53
48 943
27 52
45 309
39 596
4 1
42 578
14 4
33 358
36 493
42 35
29 104
9 32
39 343
4 1
15 69
14 88
17 97
33 114
50 594
36 262
8 9
8 9
6 10
37 353
13 77
23 236
33 129
16 12
8 27
23 63
5 5
35 500
26 65
32 273
35 202
27 313
42 190
14 38
22 179
40 675
29 76
26 287
42 376
36 489
11 16
22 220
41 705
35 264
20 126
40 154
35 194
47 893
49 746
24 172
10 12
3 3
24 107
51 763
18 125
13 42
40 312
44 651
39 269
45 247
47 946
13 35
51 259
6 7
19 14
15 17
44 696
16 45
47 175
29 250
50 291
43 841
23 44
20 150
16 105
19 153
51 6
42 565
41 305
46 572
25 111
34 344
29 99
34 313
15 30
37 78
3 3
4 3
15 101
37 457
38 285
41 777
35 180
36 363
28 122
32 384
43 222
21 131
15 42
46 373
14 68
42 631
12 55
39 696
17 18
7 8
29 182
41 21
28 115
36 65
9 34
8 25
34 228
22 163
28 43
26 64
47 187
5 8
13 43
35 149
17 125
34 163
37 240
7 5
49 11
20 75
9 17
6 15
3 1
38 328
44 802
19 165
32 185
49 396
15 31
26 179
23 29
23 36
33 466
26 132
21 104
39 354
21 133
21 192
22 150
2 1
20 189
5 1
42 415
46 1029
35 421
36 187
30 108
16 10
36 170
42 9
36 21
35 51
24 97
28 11
12 2
11 51
51 638
33 26
17 134
47 414
49 1100
8 4
40 711
38 260
13 48
32 290
11 37
3 2
20 150
31 291
12 10
13 54
3 3
3 3
21 159
20 19
31 60
47 150
49 894
46 419
16 16
8 24
43 192
12 32
40 581
44 396
33 246
12 1
49 1096
5 9
11 17
38 114
50 284
10 11
20 145
5 6
31 452
12 57
22 104
36 350
15 94
12 53
35 206
30 81
36 164
50 194
7 18
36 626
23 71
2 1
50 1081
26 31
19 66
4 2
12 29
50 876
18 32
23 107
35 325
33 230
37 136
14 76
19 98
49 445
44 740
32 56
6 10
27 289
45 988
15 64
20 64
30 417
26 250
40 360
3 1
28 43
3 2
30 361
39 461
11 55
28 4
26 83
47 1009
10 45
31 32
44 156
38 6
37 413
26 149
23 238
47 1064
15 59
38 201
20 16
22 79
8 3
22 18
33 463
34 418
9 26
14 59
12 7
26 222
15 100
23 184
28 207
36 473
20 43
37 644
49 701
20 54
8 18
38 319
9 6
32 473
34 328
17 124
47 958
43 815
43 247
46 280
37 97
13 72
4 2
44 348
11 19
9 2
4 4
9 30
16 118
27 267
34 81
42 830
36 304
39 279
49 96
49 1041
16 111
40 17
13 61
22 24
47 863
42 143
22 163
12 28
38 615
36 349
32 153
49 743
11 32
44 553
22 87
45 865
5 4
4 6
17 135
41 24
51 405
14 40
30 414
11 46
12 62
37 503
23 5
9 3
23 127
44 260
44 452
29 182
22 151
16 89
8 17
3 1
39 396
32 271
38 591
35 345
38 366
41 10
5 9
43 436
51 884
22 207
23 10
43 785
36 588
33 189
15 13
50 954
50 679
21 45
23 99
37 662
24 154
20 69
27 90
7 14
47 772
20 119
31 95
13 18
21 4
6 10
29 135
39 180
37 621
14 47
12 16
18 130
26 185
13 69
48 1121
29 272
47 859
13 32
9 7
42 380
19 133
14 65
3 3
22 99
10 33
46 965
34 382
6 9
49 810
12 46
37 68
38 589
37 578
11 50
23 245
24 254
50 587
36 282
40 257
41 118
43 337
20 134
48 27
33 46
43 480
42 856
33 7
10 9
29 159
16 60
22 218
40 391
27 333
26 189
32 376
14 66
3 2
48 259
8 5
47 662
26 237
25 158
18 107
30 70
4 3
45 325
33 28
46 522
9 23
23 67
36 255
13 14
18 32
39 450
41 84
26 216
23 170
27 103
36 54
33 135
47 780
14 64
11 12
36 357
29 273
8 14
44 410
2 1
30 84
37 657
23 236
37 451
12 55
33 211
15 6
36 282
43 38
39 452
6 5
21 52
32 292
46 208
46 143
34 539
37 5
45 259
32 413
4 3
43 407
40 495
4 5
17 135
20 66
49 643
31 214
8 10
48 439
35 361
51 816
17 127
37 239
44 352
41 727
11 18
34 283
38 51
21 175
32 186
13 56
16 31
2 1
3 3
24 47
40 375
5 5
10 2
16 94
10 21
51 219
41 494
19 66
22 55
34 418
30 124
34 464
37 79
16 99
30 270
28 325
15 105
26 274
22 14
28 2
48 25
51 987
15 77
16 104
7 1
36 527
45 169
32 43
2 1
20 1
38 392
50 200
27 198
24 165
16 82
31 323
33 231
2 1
48 767
30 260
16 75
42 298
36 321
41 505
19 10
18 107
7 2
6 4
41 540
33 180
34 28
20 24
42 79
11 19
39 55
44 582
7 10
15 10
9 3
27 319
14 84
32 490
10 22
4 2
17 48
7 15
49 846
16 58
45 137
30 198
17 51
38 250
7 4
16 95
3 1
42 331
35 408
39 664
11 52
47 424
29 321
28 275
27 339
16 11
20 73
5 7
16 30
11 52
42 713
37 94
17 67
11 32
50 299
48 676
41 752
38 612
45 565
45 249
8 12
41 486
5 5
15 18
37 101
43 766
49 187
20 16
8 12
18 77
29 207
18 45
10 25
39 416
20 161
24 128
43 479
6 5
9 4
16 53
41 66
19 33
35 108
5 1
19 91
49 945
38 407
17 95
22 140
49 607
35 42
17 68
36 32
23 203
40 286
37 46
44 721
20 129
46 569
22 102
47 678
9 22
36 394
31 415
28 353
45 662
2 1
40 447
36 203
32 201
51 868
6 8
24 197
22 196
49 687
31 443
11 47
29 272
13 47
2 1
39 158
5 10
9 28
27 87
7 10
18 53
27 18
51 1150
46 455
19 55
13 65
40 33
36 36
19 56
26 68
39 582
14 18
4 1
36 340
15 97
39 456
50 713
51 273
13 72
20 119
41 622
28 154
5 1
44 706
10 44
42 309
33 252
40 554
29 167
17 111
20 23
22 136
16 72
16 56
19 141
7 12
18 117
37 616
43 708
46 293
48 790
2 1
46 899
17 66
17 81
15 4
34 107
51 572
9 20
25 125
2 1
34 48
13 2
41 615
48 809
10 25
23 5
26 41
51 240
40 605
21 172
51 1054
39 93
3 3
18 67
22 116
8 1
38 145
23 179
27 42
11 25
16 3
44 217
51 1044
31 380
9 15
43 829
5 1
11 25
28 244
32 449
45 879
2 1
9 10
8 25
42 469
18 34
2 1
46 843
6 4
43 385
25 85
24 49
16 2
34 316
8 11
40 352
2 1
34 339
13 26
44 821
9 25
12 62
23 235
13 71
32 44
42 743
41 23
32 57
46 774
48 447
29 54
6 6
27 196
41 280
29 72
45 547
46 156
50 366
12 22
45 822
16 34
49 1135
50 130
14 40
46 219
50 298
47 914
6 2
45 314
12 33
29 124
11 17
14 49
38 42
20 111
18 81
17 70
43 54
46 791
13 8
15 16
15 105
16 48
34 46
12 53
34 322
3 2
12 58
4 6
40 773
33 419
9 21
23 217
16 117
7 7
9 22
39 25
32 325
41 545
13 40
10 21
41 810
40 582
26 293
2 1
17 60
21 25
34 35
27 80
9 1
25 117
5 2
38 469
17 4
3 3
28 200
28 126
22 122
21 206
11 42
10 5
7 8
50 513
22 181
37 518
12 15
47 637
25 34
3 2
12 65
21 128
16 36
8 17
13 68
33 345
3 2
48 975
23 99
47 127
26 83
23 78
44 647
2 1
4 2
8 23
9 4
51 424
24 217
12 31
37 280
8 1
37 238
46 1019
4 4
51 202
25 223
15 59
43 315
38 179
18 68
7 7
24 186
51 620
17 28
32 261
6 5
41 452
46 341
51 897
29 380
26 1
25 88
22 161
4 5
11 14
3 2
48 786
26 71
21 2
8 21
45 683
43 842
6 11
22 25
35 553
6 8
51 1104
49 911
46 340
28 267
22 124
23 178
6 13
15 52
40 232
30 7
35 305
20 18
6 4
45 330
37 284
48 533
29 162
6 13
47 40
30 221
14 72
35 545
50 397
47 355
19 131
23 153
44 698
42 578
29 378
39 612
34 245
51 336
33 200
36 327
42 581
45 634
19 2
26 41
24 180
5 2
46 857
45 647
18 32
38 541
22 166
12 32
12 24
17 88
18 114
21 38
17 131
14 25
40 327
51 663
9 17
7 4
32 386
41 227
38 186
44 450
2 1
16 111
15 85
6 12
34 279
40 778
40 583
33 379
42 243
43 519
38 414
50 1069
49 948
19 46
16 72
47 484
17 130
29 117
42 292
13 37
10 11
23 219
6 5
27 43
38 114
44 213
18 4
46 7
34 212
4 6
26 225
17 56
12 65
21 71
29 24
26 12
35 36
34 554
3 1
34 39
29 164
15 7
24 184
14 61
23 181
7 2
17 24
37 98
19 132
31 126
39 543
35 256
2 1
10 42
29 37
42 626
23 31
2 1
12 9
2 1
32 30
29 266
32 227
26 199
22 53
47 824
8 21
30 164
45 849
11 18
35 105
31 65
6 7
2 1
48 585
50 627
11 16
26 166
43 384
40 283
6 11
22 163
15 6
23 99
43 6
33 39
34 332
34 352
43 155
5 8
36 243
18 111
31 258
38 505
44 601
37 647
13 44
11 45
9 35
34 395
14 5
30 102
27 235
37 542
47 954
8 13
44 899
30 25
18 106
49 1084
44 311
7 12
41 727
31 154
50 1214
51 139
31 208
11 50
42 667
25 137
37 629
20 158
6 4
5 4
14 88
34 459
34 112
13 24
10 33
24 271
7 8
21 95
4 4
43 449
27 179
33 347
48 450
44 902
49 714
28 358
48 53
21 1
3 3
4 6
24 75
18 139
51 1163
16 72
20 18
46 440
23 216
10 6
28 345
27 127
48 326
38 284
15 23
26 165
39 493
28 36
6 3
43 714
33 452
7 17
14 32
48 236
29 215
7 6
7 15
33 76
37 170
49 309
29 78
17 19
4 6
28 369
37 608
14 60
26 245
20 179
22 218
25 248
23 190
5 9
15 102
33 422
7 11
51 1183
7 14
51 1058
11 43
18 147
46 61
17 135
51 1161
10 25
4 4
21 204
18 81
3 1
12 33
33 32
18 83
50 272
3 3
31 63
28 152
11 33
29 123
44 191
15 53
47 857
37 321
42 800
42 471
36 531
29 8
18 97
3 2
17 25
17 7
19 168
45 529
15 93
8 18
50 470
11 26
39 578
14 67
2 1
23 191
7 20
5 2
44 98
41 700
11 7
9 5
49 691
6 3
26 113
21 65
34 295
21 50
28 76
48 696
40 698
15 79
20 8
18 59
26 133
23 17
15 74
16 13
32 257
28 175
35 498
32 208
29 374
38 121
37 175
34 415
4 1
22 189
19 26
36 92
45 528
30 69
39 378
22 155
15 42
27 210
45 6
15 101
8 22
29 288
35 153
22 219
12 5
11 23
28 188
22 214
4 3
31 225
45 12
10 17
49 962
6 11
42 781
14 21
18 23
44 874
6 14
41 785
7 16
45 223
46 261
7 5
19 159
40 161
40 87
20 187
34 104
30 208
43 593
23 79
37 337
13 50
33 195
9 15
50 453
22 34
21 87
43 861
15 57
49 268
29 344
41 112
42 410
36 494
17 16
43 214
25 255
45 505
6 3
43 442
6 7
51 174
41 623
11 20
25 259
10 21
28 290
16 39
23 142
3 1
7 21
42 171
50 509
37 663
37 223
9 14
44 651
16 42
50 277
40 532
36 367
25 263
49 204
32 444
39 737
7 12
28 331
28 190
35 79
31 352
46 892
14 5
46 610
21 13
7 18
17 52
7 1
6 4
30 347
26 44
20 72
15 68
31 210
26 14
6 11
36 629
46 542
38 605
29 299
35 228
17 111
28 190
43 285
30 21
18 45
40 398
35 354
38 325
44 87
30 434
19 60
49 820
12 14
4 5
43 854
24 256
39 88
36 100
30 123
3 2
18 62
38 170
46 1018
16 47
36 383
36 184
8 14
19 22
21 90
7 10
8 18
23 192
28 48
26 132
21 116
7 20
18 105
37 327
15 72
50 1173
46 336
3 3
20 71
21 108
41 737
2 1
8 18
44 135
29 184
42 470
46 587
36 222
39 197
23 34
24 77
4 3
9 10
23 239
27 277
15 17
19 133
15 94
38 425
9 6
27 28
14 37
49 541
32 352
21 95
42 684
28 351
12 24
2 1
12 52
25 126
44 631
42 396
17 30
15 85
42 391
26 205
12 4
4 3
10 22
50 1149
17 119
45 826
13 6
10 23
22 62
51 513
28 357
22 92
19 66
18 104
28 271
16 59
15 89
34 244
44 206
24 20
11 46
36 144
12 3
49 172
29 359
47 992
38 463
47 457
3 1
17 58
7 8
19 15
51 250
42 408
34 375
50 470
32 451
19 108
28 123
26 305
12 18
11 45
39 104
6 14
21 110
21 45
2 1
47 3
39 556
45 823
4 5
18 93
28 130
30 146
49 677
13 56
27 292
10 3
29 26
4 5
36 32
25 36
11 51
39 549
9 33
21 81
28 356
47 24
22 163
14 53
31 389
30 202
47 749
21 105
6 9
25 291
47 103
29 379
20 17
5 6
51 1275
39 292
11 38
36 382
11 17
2 1
23 95
47 631
24 193
45 439
41 249
20 67
18 90
45 147
16 99
16 6
25 202
45 805
38 494
18 71
28 209
38 91
51 434
20 152
51 1063
3 2
34 304
31 160
20 175
39 582
24 222
50 1073
5 4
34 513
24 229
38 335
20 105
50 696
9 33
45 729
32 480
51 989
19 97
16 48
6 12
21 39
5 10
30 259
16 73
3 2
14 75
37 9
16 46
4 2
4 3
32 29
47 67
49 929
15 17
51 745
15 96
49 821
44 50
30 32
41 460
47 21
20 94
38 116
20 161
8 27
40 289
7 19
21 183
49 675
18 132
5 10
19 135
49 486
32 124
19 93
8 26
25 227
50 260
13 23
51 318
41 801
7 3
25 277
2 1
14 2
21 36
47 512
19 148
51 573
25 120
19 153
36 101
10 38
3 1
2 1
40 200
42 448
39 220
25 89
41 496
6 4
2 1
49 744
50 774
21 103
19 66
5 4
30 237
39 41
34 20
33 485
31 220
19 147
42 844
9 18
29 86
41 670
17 27
3 3
39 520
40 467
10 12
12 9
7 4
21 80
39 300
14 42
26 182
38 81
26 144
47 113
8 18
37 13
27 5
40 183
10 39
21 167
23 223
8 13
30 426
20 127
27 84
37 63
15 97
20 40
16 7
45 391
5 1
46 129
20 115
45 989
14 75
48 425
47 226
16 26
29 209
45 765
16 59
8 19
51 228
19 103
45 923
40 689
46 485
30 400
21 92
44 444
37 581
21 11
44 83
8 28
20 150
28 178
30 108
13 54
13 65
47 85
45 676
6 5
21 16
6 14
8 19
26 243
39 2
24 122
33 107
5 1
32 316
35 11
15 17
41 656
30 242
35 184
23 132
15 37
27 315
33 26
17 58
27 161
7 6
38 607
30 332
40 161
22 202
22 92
21 121
12 3
50 1022
23 141
38 307
15 57
5 7
46 582
8 13
27 223
22 17
49 535
8 15
13 27
11 12
16 92
45 297
33 187
24 189
16 19
43 233
23 102
27 114
19 34
38 304
44 361
12 9
8 10
30 328
47 412
3 3
22 197
38 512
38 215
8 23
19 136
31 231
45 708
8 8
40 95
8 10
2 1
25 210
35 29
30 87
44 792
42 549
26 202
18 48
37 611
17 21
25 47
46 933
5 4
32 491
49 739
27 306
6 6
11 36
7 11
23 55
21 64
14 48
42 238
9 6
7 3
33 144
21 208
2 1
32 25
18 127
20 134
30 50
45 200
18 72
30 175
50 198
5 1
44 572
45 531
22 4
24 130
34 352
32 79
20 12
16 15
43 217
32 282
10 9
12 44
26 89
20 83
38 621
36 599
18 73
32 463
33 344
43 641
50 1123
49 1089
37 132
7 19
49 1050
49 218
10 35
36 45
49 420
8 26
28 92
18 78
23 4
35 320
3 2
21 53
3 2
22 123
31 61
16 49
14 10
37 136
24 177
9 32
29 273
11 36
9 32
2 1
25 187
36 296
15 19
31 290
23 103
4 1
31 107
32 76
31 288
16 82
41 493
26 167
40 494
24 238
10 20
29 99
12 48
11 36
18 141
41 488
43 639
43 352
9 24
16 59
42 594
41 651
4 3
50 791
51 923
41 171
49 877
46 405
31 316
37 396
47 306
38 176
20 108
11 18
2 1
18 103
5 8
25 107
27 77
50 576
48 693
37 198
8 6
6 7
36 432
37 566
20 143
21 129
3 3
19 90
5 6
47 98
47 1024
17 17
45 164
47 747
5 3
36 21
13 50
50 623
36 604
30 425
9 23
44 454
30 393
17 73
49 917
43 376
34 345
17 44
25 163
17 56
47 655
39 153
46 921
10 5
22 17
35 414
38 210
41 426
44 261
51 1090
20 53
38 216
2 1
27 104
17 53
4 3
48 1112
23 229
28 20
23 136
19 97
29 45
37 525
23 65
26 98
20 165
18 67
46 524
9 20
45 354
18 10
37 105
39 194
6 5
41 707
15 75
35 513
17 97
14 59
49 1047
12 24
34 441
26 179
48 424
51 917
8 20
39 388
31 431
4 3
43 871
14 12
5 8
50 594
19 52
8 21
2 1
35 260
50 833
14 50
43 489
37 516
33 286
43 723
4 3
50 194
42 118
3 3
9 30
17 57
15 44
44 876
43 63
51 142
37 196
37 207
28 175
28 246
51 1120
22 31
17 51
48 828
33 6
4 5
50 318
19 38
42 673
30 94
39 254
26 151
44 798
5 10
38 126
30 331
51 374
39 325
21 6
26 1
35 132
42 167
48 832
51 262
23 188
24 103
11 19
37 94
12 10
24 155
22 89
35 122
5 3
40 483
12 57
26 294
42 268
30 392
28 106
27 142
9 34
12 41
49 1094
21 180
40 515
9 6
51 169
34 475
19 38
29 188
38 212
24 54
20 24
19 130
32 369
48 714
45 827
9 32
6 5
4 3
27 21
7 4
9 35
28 363
14 72
6 5
9 7
32 54
33 174
26 265
44 460
5 6
31 19
32 2
44 892
32 84
49 1068
43 207
27 249
34 358
27 350
41 763
19 60
11 1
20 55
16 41
9 29
50 862
35 59
26 276
15 72
46 978
45 868
20 90
8 28
13 42
43 827
17 51
23 123
13 34
13 38
4 3
49 43
8 27
32 135
11 55
40 144
8 3
42 840
5 8
30 140
34 348
18 84
34 244
27 223
32 223
22 210
8 3
36 85
4 4
49 303
13 24
19 160
19 168
46 641
9 15
36 230
48 545
41 161
41 345
25 21
4 2
6 11
19 163
27 141
8 5
36 588
11 52
38 142
13 50
51 619
9 17
12 64
40 470
37 333
16 21
2 1
10 27
31 226
49 107
49 1082
34 406
24 72
39 513
24 209
46 545
19 41
12 48
11 34
28 133
30 113
11 21
15 50
39 668
46 675
2 1
42 752
29 371
27 8
25 251
17 12
26 185
23 49
15 3
36 242
30 194
38 610
47 463
10 13
45 576
21 26
51 235
31 274
25 7
47 395
8 27
20 31
48 200
16 32
25 152
4 5
16 79
45 790
39 604
46 468
11 29
29 249
26 182
40 610
15 21
50 845
51 695
4 4
12 47
10 32
19 24
42 369
3 3
47 1077
43 767
25 201
6 12
12 15
9 18
31 213
40 749
44 699
49 261
37 234
14 86
47 967
9 34
19 101
27 274
51 617
7 18
21 30
26 5
41 374
34 136
8 16
51 1101
13 57
48 123
11 16
44 322
46 810
46 913
10 22
30 135
42 772
34 525
47 1069
42 410
44 658
10 36
48 38
2 1
9 15
7 1
10 39
25 104
49 659
19 109
45 346
19 93
31 372
44 182
14 56
14 1
12 29
6 2
31 112
17 95
4 3
6 11
20 119
17 73
2 1
29 322
30 112
29 24
50 772
34 291
8 21
18 56
20 83
26 298
30 87
37 409
14 43
44 469
22 100
4 5
44 547
15 36
30 88
30 369
18 117
42 357
13 25
45 270
32 240
31 379
13 47
42 812
10 31
11 54
47 862
2 1
46 442
12 17
10 34
5 5
4 4
51 189
6 15
47 187
15 50
47 920
44 222
3 3
24 188
31 263
27 341
9 34
50 143
47 194
9 13
37 586
48 1107
27 313
32 459
38 367
48 284
24 85
21 144
41 92
38 268
13 14
5 1
34 342
39 71
13 17
34 114
7 2
36 441
34 382
4 4
12 51
4 3
41 774
9 7
17 9
3 2
7 13
50 66
11 46
24 156
33 457
23 174
39 96
23 220
24 114
42 701
28 286
18 63
20 147
47 676
22 22
13 14
9 16
19 153
48 286
44 696
50 591
22 192
25 92
6 12
20 118
32 177
44 634
11 41
27 187
48 120
10 25
24 246
23 154
38 124
35 244
3 1
48 456
18 143
16 74
17 23
24 273
31 110
51 1216
28 225
51 1225
23 26
38 519
27 34
39 589
30 92
46 862
6 6
6 4
11 51
48 642
7 5
29 123
36 497
28 347
4 1
39 481
37 68
20 113
34 507
28 105
33 35
48 724
14 91
10 2
23 2
2 1
28 118
16 41
7 8
27 106
20 23
34 394
39 127
20 2
13 47
37 53
18 52
31 419
34 481
4 4
46 595
37 474
36 520
35 265
43 533
51 936
24 128
18 153
36 165
36 336
33 477
41 200
5 10
30 63
9 11
44 206
40 610
28 323
32 251
16 23
24 194
36 468
46 281
12 40
38 238
28 10
19 137
21 21
39 224
10 42
33 255
51 645
36 279
46 465
44 403
38 523
25 273
15 68
26 125
2 1
23 119
32 233
49 1024
12 3
50 671
32 20
27 129
3 2
11 38
25 52
7 12
20 119
36 372
49 88
9 11
24 109
29 125
20 75
6 10
12 65
3 2
38 569
23 101
39 625
38 493
38 309
27 244
23 82
40 561
24 92
22 110
26 275
3 3
27 11
25 236
13 74
27 118
5 10
40 664
34 59
6 9
21 62
27 162
44 820
15 18
12 62
15 85
35 490
31 34
23 13
48 500
31 192
34 275
22 112
30 405
51 1110
25 20
19 13
13 18
15 87
30 194
12 19
12 2
8 28
7 18
45 402
15 96
27 165
14 55
22 189
4 3
28 148
43 151
27 261
6 6
31 441
17 10
29 352
40 124
18 58
15 56
49 935
39 542
26 175
23 223
43 451
18 150
2 1
14 26
14 63
19 56
5 6
38 648
12 43
18 53
21 142
41 449
10 9
44 657
29 211
30 71
41 536
41 211
6 4
21 37
23 218
13 30
26 73
11 25
25 126
15 66
9 25
15 58
34 296
3 1
26 132
33 54
28 249
9 22
25 178
3 1
18 107
26 291
14 61
28 285
13 57
33 343
48 729
39 412
8 9
42 745
21 143
50 599
44 868
33 209
36 95
17 5
49 188
44 473
26 195
50 611
13 64
7 4
29 63
38 96
32 118
20 73
3 3
2 1
26 284
15 64
19 153
11 48
23 121
31 114
24 254
35 41
12 54
47 689
35 72
27 279
12 61
20 44
14 20
11 37
7 4
47 75
7 17
43 119
11 8
28 201
3 2
21 152
5 5
5 9
50 54
8 1
26 227
26 288
48 716
25 52
11 4
28 63
26 168
47 69
44 82
22 172
37 214
9 23
6 11
33 367
42 665
16 76
16 91
6 11
27 167
16 76
50 16
3 2
11 44
12 10
24 267
49 1068
24 141
2 1
18 109
34 353
22 4
25 135
41 578
49 1155
9 24
51 1233
5 4
33 359
3 3
20 104
26 266
35 152
23 23
26 63
20 169
47 170
9 28
25 47
2 1
12 60
35 428
18 83
17 53
6 4
46 928
44 61
41 698
19 69
14 39
51 406
4 2
20 142
22 52
9 31
17 64
32 21
33 363
40 129
50 244
19 122
19 59
15 13
40 491
21 133
27 198
36 320
22 135
42 772
50 925
14 80
21 195
16 113
45 543
5 2
49 1069
38 350
35 315
26 274
31 451
27 119
18 62
38 425
15 84
30 117
30 419
29 8
39 630
5 3
45 387
28 104
30 293
10 44
13 45
40 93
31 421
50 697
28 65
36 251
17 16
5 6
12 41
46 288
23 34
34 346
8 21
12 47
22 227
4 6
6 1
27 6
8 24
33 523
14 8
26 105
37 491
26 146
12 19
46 615
21 27
5 8
38 665
16 89
37 559
43 584
8 19
28 293
46 681
49 187
32 290
37 98
3 1
14 13
33 317
50 401
39 423
30 199
18 147
36 114
14 63
48 259
48 865
35 206
38 176
48 707
5 4
35 348
46 858
23 96
8 2
31 199
24 230
20 41
5 3
45 706
32 316
38 495
19 151
18 143
5 5
22 53
51 532
15 31
5 5
24 112
7 4
6 13
15 64
19 50
29 347
36 198
7 21
37 46
45 154
29 173
21 140
6 14
7 12
17 40
8 4
20 163
43 782
41 357
50 510
26 78
23 9
39 664
34 418
4 2
28 74
25 198
30 351
20 115
2 1
47 432
23 100
22 35
42 414
22 123
25 245
20 75
9 16
27 214
29 342
19 162
10 23
7 1
24 270
27 105
8 21
35 390
37 638
47 572
19 73
18 79
16 15
39 513
43 173
12 18
44 324
30 216
24 162
43 473
8 1
23 169
38 60
46 875
11 33
2 1
11 34
23 21
7 11
46 1027
25 156
21 48
36 559
19 7
33 136
5 1
29 357
9 17
32 12
40 372
45 721
22 37
12 1
30 16
6 4
16 20
32 14
48 435
33 433
27 148
29 9
9 27
8 23
22 32
19 20
31 377
4 1
20 74
50 722
30 103
23 116
34 145
28 369
22 66
46 513
26 272
29 328
30 21
47 233
25 114
13 71
28 124
10 40
28 337
44 594
11 10
51 142
19 104
23 10
39 625
38 633
41 64
47 1029
2 1
20 74
9 20
32 292
44 407
33 268
47 279
28 47
42 487
51 785
7 15
49 1151
40 436
9 35
51 530
49 450
51 343
27 30
50 1056
46 999
47 206
16 23
3 2
50 669
21 150
5 7
22 91
22 93
39 415
40 569
36 69
42 618
9 12
44 459
24 29
51 1145
15 36
14 72
9 25
12 39
14 59
9 19
17 68
46 734
11 51
45 245
25 84
31 36
50 747
40 233
11 45
44 464
8 11
42 796
20 151
46 971
16 112
18 145
32 292
38 646
48 625
38 120
15 36
5 5
41 113
40 699
35 391
23 119
38 389
7 17
16 22
39 101
4 1
13 14
19 87
29 8
32 42
38 489
32 122
11 25
35 279
22 150
32 42
11 43
7 5
26 245
20 112
51 373
19 137
9 33
12 13
3 3
3 1
40 43
31 63
5 3
49 692
35 259
19 140
49 1049
13 12
45 730
36 23
5 5
6 14
42 661
51 93
11 17
33 96
37 341
49 669
27 113
16 89
26 82
5 4
7 6
46 4
47 841
44 829
37 81
15 31
15 39
21 54
18 116
24 186
13 66
43 516
18 108
51 1268
42 397
18 13
20 3
47 71
45 118
17 55
38 575
8 22
46 611
26 261
28 250
15 61
18 1
32 269
18 36
29 341
33 468
6 7
7 4
18 46
41 693
33 388
15 83
28 78
17 52
21 134
2 1
35 334
42 136
5 7
47 575
17 68
27 28
34 473
22 73
37 394
35 243
38 58
6 4
7 16
18 62
17 29
10 11
38 568
18 144
11 45
25 175
45 841
45 278
35 291
28 285
27 66
39 503
9 33
28 255
17 59
42 146
14 7
33 452
3 3
44 71
15 49
38 417
20 162
38 147
48 845
26 149
28 40
39 546
9 16
2 1
12 41
9 1
43 729
27 194
40 641
8 14
40 165
14 19
27 157
14 6
14 51
49 725
3 2
26 112
49 369
38 179
18 68
34 470
36 540
3 3
31 35
29 382
5 2
28 13
41 361
6 15
30 52
44 604
37 337
44 45
46 679
46 147
26 254
22 7
39 741
36 588
35 79
38 470
7 7
19 80
6 12
4 3
26 173
16 80
17 125
46 708
39 219
25 64
20 164
25 208
21 100
26 154
26 39
44 640
29 254
32 21
37 9
18 124
31 333
23 95
43 799
11 26
9 11
45 308
29 371
36 518
31 282
4 2
26 197
37 514
11 23
37 567
51 28
8 6
36 60
28 370
48 1114
9 18
21 151
36 619
22 60
49 370
33 36
7 1
49 377
11 48
11 25
5 9
50 487
41 154
42 760
12 45
6 14
45 876
22 3
26 292
50 1124
44 332
27 230
39 86
41 697
33 243
44 704
11 27
50 499
28 116
20 119
31 248
10 31
2 1
4 1
24 55
51 465
34 8
14 78
3 1
19 122
2 1
23 176
4 1
11 36
15 43
21 3
4 4
19 37
10 13
32 477
26 82
47 1036
10 13
29 92
12 39
45 243
10 38
25 213
41 146
45 23
16 15
46 969
43 104
24 23
40 235
34 393
38 11
23 138
38 606
9 10
51 103
13 42
21 16
23 181
22 16
12 27
32 214
7 7
25 278
26 112
34 340
25 21
38 481
18 133
49 18
23 90
29 154
7 2
22 40
9 23
47 62
30 156
29 272
49 35
15 84
13 2
32 183
19 67
35 474
42 588
12 31
32 20
51 38
38 663
19 41
15 38
16 72
40 304
29 202
45 351
13 35
39 726
46 15
13 46
41 4
13 14
19 52
40 367
34 271
39 525
25 151
14 27
46 776
34 321
42 408
17 68
35 193
46 790
10 38
11 55
12 41
2 1
18 97
48 159
19 102
4 3
38 90
31 243
21 72
7 14
40 481
12 36
26 207
5 5
15 23
37 255
36 436
6 3
28 249
7 21
38 547
40 424
26 318
9 11
33 438
5 2
37 647
47 1046
24 169
48 257
14 52
14 90
21 149
5 8
20 99
45 218
19 12
34 50
2 1
40 692
4 6
7 4
11 1
4 5
2 1
22 115
34 486
16 105
4 6
3 2
31 177
31 318
31 302
43 359
3 1
17 136
26 21
47 480
24 152
22 42
2 1
40 215
26 256
40 199
26 218
2 1
42 599
5 1
43 629
6 5
31 250
4 6
42 451
43 707
49 100
39 57
5 8
35 420
36 585
9 8
18 47
19 10
42 313
30 309
22 168
32 444
4 3
6 5
31 459
10 9
13 30
31 21
27 25
48 352
41 267
24 170
18 83
15 32
13 9
43 128
28 226
34 124
5 10
26 261
41 624
17 59
32 48
19 101
14 69
21 42
24 24
10 29
33 406
46 265
17 118
30 155
11 13
26 15
5 2
3 3
36 480
47 629
18 122
28 135
30 76
31 76
38 74
42 833
12 57
16 39
26 320
24 50
10 17
51 90
49 960
10 19
24 14
4 5
20 179
18 54
27 204
3 3
38 186
35 532
30 240
26 30
47 1022
41 184
47 863
19 92
45 839
30 198
33 351
7 4
12 8
4 6
22 15
50 234
48 266
7 5
34 186
32 462
32 58
35 441
14 3
21 76
32 136
25 165
33 185
19 129
6 5
32 287
26 182
37 514
16 43
51 425
25 81
28 318
3 3
32 196
14 3
23 14
5 7
10 36
28 27
32 137
49 758
11 48
46 527
47 349
42 657
11 4
28 51
21 61
49 254
47 1029
7 13
10 40
14 85
46 900
46 972
23 220
39 112
18 56
32 480
46 656
11 34
38 222
43 484
22 203
10 41
4 5
34 474
27 235
31 407
37 204
49 966
19 105
45 484
22 52
50 715
48 905
22 199
50 137
41 559
4 1
35 308
18 33
21 94
16 9
16 112
26 264
14 60
2 1
29 366
34 39
41 709
39 350
15 36
25 5
7 14
6 5
36 73
10 10
17 77
6 5
26 279
47 38
24 34
46 47
20 139
30 321
11 2
21 45
5 3
30 305
24 48
2 1
7 20
14 58
33 508
4 4
49 950
47 862
47 690
24 206
24 252
27 76
23 29
9 35
43 659
37 468
21 76
24 265
46 860
51 651
5 5
36 264
5 2
26 76
25 250
20 19
6 9
33 36
44 296
3 2
27 187
49 355
26 95
24 15
8 3
47 875
32 216
14 58
15 85
38 319
42 767
38 447
51 1169
23 88
9 19
28 179
15 16
30 104
49 261
10 4
28 117
16 19
39 260
46 716
22 1
41 311
40 466
6 13
45 118
33 157
3 2
34 168
37 529
7 20
17 78
39 655
23 81
4 2
34 483
13 63
32 93
14 66
30 164
7 1
47 528
26 75
48 989
18 134
23 222
19 156
40 15
33 345
10 14
25 141
33 263
45 694
39 264
33 78
28 326
40 694
30 333
24 197
23 160
12 19
15 103
32 3
36 224
20 103
49 1116
36 461
29 134
48 317
39 537
33 260
20 71
40 59
34 319
29 320
3 3
49 948
20 60
25 53
45 492
48 389
34 178
26 210
10 16
28 106
2 1
14 54
29 84
23 191
16 69
17 44
39 646
36 356
46 923
12 50
50 357
33 357
39 224
46 269
28 261
47 390
31 194
3 2
11 3
23 33
24 177
42 386
5 8
18 135
36 347
41 176
37 288
19 1
29 300
24 120
35 179
38 415
30 108
26 65
13 12
16 64
37 91
46 60
35 401
43 326
41 41
7 12
5 5
50 706
38 435
40 302
43 231
38 455
17 49
10 12
9 27
11 39
30 374
36 325
17 34
36 377
9 36
32 34
15 42
45 732
6 9
25 96
13 26
16 17
26 125
4 6
50 514
28 1
20 63
44 673
41 697
44 940
17 36
12 6
8 26
34 458
41 38
7 16
23 59
29 192
49 646
28 236
49 172
25 116
19 111